1001270
1020790
1025600
1030300
1060230
1062810
1063030
1063590
1079260
1097840
1107320
1116170
1116540
1124180
1125240
1129580
1133500
1139980
1154030
1158160
1171690
1183530
1190970
1203190
1203620
1214650
1216320
1240590
1245250
1252680
1266470
1266540
1268590
1284130
1284190
1326470
1328990
1331510
1335830
1340990
1342490
1351000
1354260
1363360
1371690
1374490
1390190
1403650
1407180
1411020
1424860
1426450
1439750
1445790
1465070
1479730
1481170
1484180
1485590
1498130
1501690
1511630
1527950
1534840
1538550
1540210
1550180
1555150
1564600
1566690
1575940
1584690
1592290
1595710
1601330
1603180
1604030
1605250
1619310
1621690
1623730
1624060
1636030
1638950
1641960
1656930
1660080
1661630
1669480
1672500
1677110
1677970
1682050
1683150
1686940
1689500
1689620
1691320
1708850
1714900
1721110
1722840
1722870
1723780
1724030
1726130
1729140
1745680
1757300
1761620
1763250
1765300
1771180
1790600
1791910
1794830
1796470
1801110
1801520
1812450
1812560
1817800
1830630
1836730
1839950
1843310
1855580
1861630
1866320
1866980
1877020
1888160
1892140
1893810
1903560
1911610
1931180
1947070
1951780
1953230
1955340
1959140
1975580
1981820
1982340
2000890
2001120
2009350
2009460
2012320
2015270
2021880
2059530
2061620
2076010
2088650
2089250
2095950
2106670
2115390
2116120
212480
2132850
2153780
2157560
2168260
2168680
217200
2174420
2178070
2186680
2186700
2189670
2192900
2193540
2195410
2202120
2204350
2208570
2215430
2217000
2235150
2235200
2248760
2262080
2263920
2268560
2269950
2271930
2272540
2273980
2275020
2280
2283880
2287330
2296990
2300320
2307350
2313330
232090
2328310
2336220
2343920
2347080
2351560
2354000
2354330
2355860
2357000
2367480
2370170
2374030
2379810
2390260
2392280
2400430
2406770
2408820
2423300
2427700
2428810
2436940
2437670
2440380
2444750
2450450
2454890
2455340
2456420
2457540
2467810
2469200
2475010
2475460
2492040
2506480
2510960
2512930
2518430
2533020
2537590
2543180
2543510
2545360
2545710
2566340
2567870
2570210
2599370
2617700
2620240
2622380
2625420
2627570
2628230
2634890
2644470
2646460
2658510
2661300
2683150
2686580
2686630
2689120
2695940
269770
2698780
2703850
2707940
2708450
2719200
2722360
2723680
2725200
2729480
2730810
2732610
2737070
2748340
2749770
2757810
2768430
2774380
2777220
2780470
2780980
2787320
2788040
2790330
2793380
2800450
2802820
2810780
2818480
2820700
2823080
2824490
282800
2828860
2835530
2835570
2841770
2846060
2847850
2868070
2878420
2881650
2897700
2903710
2904000
2909110
2920510
2920570
2939830
2948640
2949320
2960770
2961880
2963880
2965660
2973830
2976900
2977620
2993780
2996040
2999030
2999090
3004100
3008130
3010460
3013550
3024040
3025290
3030360
3036880
3044440
3059070
3060170
3070520
3075800
3077020
3088440
3097560
3107800
3108510
3111080
3112260
3121110
3125250
3126150
3130340
3146520
3164500
3169520
3172770
3176060
3201910
3211680
3237570
3241660
3247750
3249560
3263320
3288270
3298460
3308210
3334280
3338950
3376250
3400930
3408110
3419130
3438990
3441460
3444080
3445340
3447690
3448750
3484300
348470
3498270
3527290
3533100
3569500
3570070
357190
35720
3575300
3576880
3585800
3588490
3602720
3621700
3645890
3702930
3716600
374320
3805420
3880420
427410
433300
433320
454650
457140
460340
512900
513710
516750
526870
570940
597170
619820
65800
688540
692850
70
718650
753640
780290
780310
781180
801630
804490
810040
838380
866570
871540
881020
887570
898800
908060
917950
927350
936720
946880
983870
9900